4
linear   essential      -0.250000   0.750000
linear   non-essential   0.000000   1.000000
linear   essential       0.000000   1.000000
linear   essential       0.000000   1.000000

¼ 1
significant   elliptical     3
	  0.367188  0.564583  0.281250  0.238281
	  0.021622  0.000400  0.000400  0.000400

S 3
significant   elliptical     1
	  0.511719  0.351562  0.230469  0.144531
	  0.000400  0.000400  0.000400  0.000400
significant   elliptical     2
	  0.500000  0.512110  0.351562  0.195312
	  0.000400  0.000400  0.000400  0.000400
significant   elliptical    12
	  0.378255  0.364583  0.256511  0.159831
	  0.000400  0.000544  0.000400  0.000400

i 3
significant   elliptical     1
	  0.480469  0.170312  0.226562  0.062500
	  0.000400  0.000400  0.000400  0.000400
significant   elliptical    48
	  0.350016  0.182430  0.246501  0.065999
	  0.000400  0.000400  0.000400  0.000400
significant   elliptical     1
	  0.253906  0.153906  0.152344  0.070312
	  0.000400  0.000400  0.000400  0.000400

r 1
significant   elliptical    35
	  0.284933  0.171496  0.165625  0.109375
	  0.001089  0.000400  0.000400  0.000400

o 2
significant   elliptical    43
	  0.241370  0.248456  0.157340  0.137537
	  0.000400  0.000888  0.000400  0.000466
significant   elliptical     1
	  0.339844  0.241797  0.152344  0.144531
	  0.000400  0.000400  0.000400  0.000400

p 1
significant   elliptical    10
	  0.194141  0.349101  0.235156  0.169922
	  0.001163  0.000639  0.000623  0.000923

- 1
significant   elliptical     7
	  0.243862  0.080246  0.053571  0.101562
	  0.000400  0.000400  0.000400  0.000400

d 1
significant   elliptical    22
	  0.317472  0.325799  0.226563  0.155895
	  0.000400  0.000400  0.000400  0.000400

e 1
significant   elliptical    61
	  0.242956  0.221292  0.157339  0.121990
	  0.000400  0.000861  0.000400  0.000400

C 2
significant   elliptical    27
	  0.378472  0.406250  0.257668  0.225695
	  0.000400  0.000506  0.000400  0.000400
significant   elliptical     3
	  0.502604  0.550651  0.365886  0.296875
	  0.000400  0.000400  0.000400  0.000400

t 1
significant   elliptical    41
	  0.292397  0.169198  0.192931  0.076886
	  0.000400  0.000400  0.000400  0.000400

n 1
significant   elliptical    51
	  0.238128  0.260003  0.160156  0.148667
	  0.000400  0.000451  0.000400  0.000400

O 3
significant   elliptical     1
	  0.539062  0.418750  0.242188  0.242188
	  0.000400  0.000400  0.000400  0.000400
significant   elliptical     5
	  0.503906  0.602188  0.352344  0.333594
	  0.000400  0.000400  0.000400  0.000400
significant   elliptical    12
	  0.375326  0.428223  0.250000  0.248047
	  0.000400  0.000476  0.000400  0.000400

a 2
significant   elliptical    57
	  0.228618  0.262726  0.156730  0.136787
	  0.000400  0.000400  0.000400  0.000400
significant   elliptical     1
	  0.343750  0.251172  0.152344  0.132812
	  0.000400  0.000400  0.000400  0.000400

g 1
significant   elliptical    13
	  0.108474  0.387921  0.236478  0.140625
	  0.000534  0.001901  0.000400  0.000400

J 1
significant   elliptical     2
	  0.228516  0.315234  0.355469  0.136719
	  0.000400  0.000488  0.001099  0.000400

u 1
significant   elliptical    14
	  0.228515  0.265346  0.163504  0.161272
	  0.000400  0.000400  0.000400  0.000400

c 1
significant   elliptical    22
	  0.240945  0.207901  0.164773  0.122159
	  0.000400  0.000491  0.000400  0.000400

. 1
significant   elliptical    30
	  0.073828  0.049089  0.049089  0.048958
	  0.000400  0.000400  0.000400  0.000400

½ 1
significant   elliptical     3
	  0.290364  0.651953  0.286458  0.251302
	  0.017248  0.001094  0.000400  0.000400

K 2
significant   elliptical    12
	  0.359049  0.462663  0.261068  0.215821
	  0.000400  0.000400  0.000400  0.000400
significant   elliptical     1
	  0.480469  0.632031  0.347656  0.273438
	  0.000400  0.000400  0.000400  0.000400

l 1
significant   elliptical    35
	  0.366518  0.198203  0.248884  0.069866
	  0.000400  0.000400  0.000400  0.000400

T 3
significant   elliptical    16
	  0.459473  0.345654  0.253662  0.193359
	  0.000400  0.000400  0.000400  0.000400
significant   elliptical     2
	  0.646484  0.480078  0.361328  0.244141
	  0.000400  0.000400  0.000400  0.000400
significant   elliptical     2
	  0.626953  0.479688  0.361328  0.248047
	  0.000400  0.000400  0.000400  0.000400

L 2
significant   elliptical    12
	  0.301432  0.313965  0.260417  0.186198
	  0.000400  0.000400  0.000400  0.000400
significant   elliptical     2
	  0.392578  0.431836  0.365234  0.236328
	  0.000400  0.000400  0.000400  0.000400

A 3
significant   elliptical    21
	  0.287574  0.340495  0.213170  0.190662
	  0.000400  0.000400  0.000400  0.000400
significant   elliptical     1
	  0.210938  0.397656  0.308594  0.199219
	  0.000400  0.000400  0.000400  0.000400
significant   elliptical     3
	  0.393229  0.488542  0.281250  0.231771
	  0.000400  0.000400  0.000400  0.000400

Y 2
significant   elliptical     2
	  0.425781  0.326172  0.242188  0.177734
	  0.000400  0.000400  0.000400  0.000400
significant   elliptical     1
	  0.574219  0.466016  0.328125  0.234375
	  0.000400  0.000400  0.000400  0.000400

N 2
significant   elliptical     2
	  0.523437  0.667773  0.310547  0.312500
	  0.000488  0.000400  0.000400  0.000400
significant   elliptical     5
	  0.388281  0.458516  0.229688  0.233594
	  0.000400  0.000400  0.000400  0.000400

’ 1
significant   elliptical     1
	  0.589844  0.089844  0.093750  0.058594
	  0.000400  0.000400  0.000400  0.000400

E 2
significant   elliptical     6
	  0.360677  0.424870  0.251302  0.173177
	  0.000437  0.000400  0.000400  0.000400
significant   elliptical     1
	  0.476562  0.586328  0.347656  0.222656
	  0.000400  0.000400  0.000400  0.000400

M 1
significant   elliptical     3
	  0.332031  0.566146  0.227865  0.276042
	  0.000400  0.000708  0.000400  0.000400

P 2
significant   elliptical     4
	  0.415039  0.337793  0.236328  0.166992
	  0.000472  0.000512  0.000400  0.000400
significant   elliptical     1
	  0.570312  0.475391  0.324219  0.203125
	  0.000400  0.000400  0.000400  0.000400

R 2
significant   elliptical     3
	  0.493490  0.611328  0.338542  0.248698
	  0.000400  0.000400  0.000400  0.000400
significant   elliptical     8
	  0.357422  0.429004  0.250977  0.200683
	  0.000400  0.000400  0.000400  0.000400

I 3
significant   elliptical    10
	  0.370313  0.221914  0.261719  0.092187
	  0.000400  0.000400  0.000400  0.000400
significant   elliptical     1
	  0.304688  0.332031  0.281250  0.191406
	  0.000400  0.000400  0.000400  0.000400
significant   elliptical     5
	  0.498438  0.303438  0.361719  0.107813
	  0.000400  0.000400  0.000400  0.000400

¾ 1
significant   elliptical     2
	  0.248047  0.685156  0.292969  0.281250
	  0.000400  0.001626  0.000400  0.000400

h 1
significant   elliptical    30
	  0.318490  0.320599  0.228776  0.148307
	  0.000400  0.000400  0.000400  0.000400

k 1
significant   elliptical    12
	  0.322917  0.305599  0.231445  0.128906
	  0.000400  0.000400  0.000400  0.000400

w 1
significant   elliptical    10
	  0.253906  0.338984  0.150391  0.202734
	  0.000400  0.003125  0.000400  0.001212

s 1
significant   elliptical    37
	  0.244299  0.199525  0.159206  0.098290
	  0.000400  0.000876  0.000400  0.000400

v 1
significant   elliptical     2
	  0.255859  0.225195  0.148438  0.109375
	  0.000400  0.000400  0.000400  0.000400

⅛ 1
significant   elliptical     2
	  0.236328  0.626953  0.287109  0.253906
	  0.000400  0.000513  0.000400  0.000400

G 1
significant   elliptical     4
	  0.376953  0.424512  0.247070  0.227539
	  0.000400  0.000400  0.000400  0.000400

f 2
significant   elliptical     7
	  0.414621  0.252400  0.249442  0.108817
	  0.001345  0.002389  0.000400  0.000445
significant   elliptical     1
	  0.242188  0.387891  0.281250  0.179688
	  0.000400  0.000400  0.000400  0.000400

1 1
significant   elliptical     6
	  0.349610  0.200000  0.250651  0.080078
	  0.000400  0.000400  0.000400  0.000400

D 1
significant   elliptical     3
	  0.377604  0.465885  0.268229  0.242188
	  0.000400  0.000400  0.000400  0.000400

b 1
significant   elliptical    10
	  0.328516  0.317617  0.222266  0.155078
	  0.000400  0.000588  0.000400  0.000648

j 1
significant   elliptical     1
	  0.089844  0.205859  0.246094  0.093750
	  0.000400  0.000400  0.000400  0.000400

B 2
significant   elliptical     3
	  0.384115  0.433724  0.253906  0.184896
	  0.000400  0.000400  0.000400  0.000400
significant   elliptical     2
	  0.505859  0.618750  0.337891  0.218750
	  0.000400  0.000400  0.000400  0.000400

y 2
significant   elliptical     7
	  0.194196  0.274554  0.232701  0.129464
	  0.000400  0.000400  0.000400  0.000400
significant   elliptical     1
	  0.121094  0.179688  0.242188  0.066406
	  0.000400  0.000400  0.000400  0.000400

H 2
significant   elliptical     5
	  0.370313  0.474453  0.246094  0.237500
	  0.000400  0.000400  0.000400  0.000400
significant   elliptical     1
	  0.511719  0.662500  0.335938  0.328125
	  0.000400  0.000400  0.000400  0.000400

! 1
significant   elliptical     1
	  0.355469  0.164453  0.230469  0.050781
	  0.000400  0.000400  0.000400  0.000400

( 1
significant   elliptical     1
	  0.246094  0.208203  0.281250  0.066406
	  0.000400  0.000400  0.000400  0.000400

U 2
significant   elliptical     2
	  0.511719  0.551368  0.357422  0.314453
	  0.000400  0.000974  0.000400  0.000400
significant   elliptical     1
	  0.386719  0.388281  0.242188  0.222656
	  0.000400  0.000400  0.000400  0.000400

) 1
significant   elliptical     1
	  0.246094  0.209375  0.281250  0.066406
	  0.000400  0.000400  0.000400  0.000400

F 2
significant   elliptical     3
	  0.438802  0.382552  0.255208  0.171875
	  0.000400  0.000400  0.000400  0.000400
significant   elliptical     1
	  0.582031  0.494922  0.332031  0.203125
	  0.000400  0.000400  0.000400  0.000400

m 1
significant   elliptical     8
	  0.246582  0.410400  0.168457  0.243164
	  0.000400  0.002572  0.000400  0.001089

, 1
significant   elliptical     2
	 -0.033203  0.097266  0.107422  0.054688
	  0.000400  0.000400  0.000400  0.000400

Z 1
significant   elliptical     1
	  0.394531  0.420703  0.292969  0.203125
	  0.000400  0.000400  0.000400  0.000400

W 1
significant   elliptical     3
	  0.444011  0.518359  0.227865  0.283854
	  0.000400  0.000400  0.000400  0.000400

q 1
significant   elliptical     1
	  0.156250  0.286328  0.222656  0.121094
	  0.000400  0.000400  0.000400  0.000400

z 1
significant   elliptical     1
	  0.183594  0.259766  0.183594  0.128906
	  0.000400  0.000400  0.000400  0.000400

⅓ 1
significant   elliptical     2
	  0.224609  0.638281  0.289062  0.253906
	  0.000618  0.000400  0.000400  0.000400

V 1
significant   elliptical     1
	  0.460938  0.342578  0.222656  0.210938
	  0.000400  0.000400  0.000400  0.000400

⅙ 1
significant   elliptical     2
	  0.253906  0.566797  0.298828  0.267578
	  0.000400  0.000513  0.000400  0.000400
