64
NULL 0 NULL 0
¼ 0 0,255,0,255,0,32767,0,32767,0,32767 NULL 1 0 0 	# ¼ [bc ]
S 5 0,255,0,255,0,32767,0,32767,0,32767 NULL 37 0 0 	# S [53 ]A
i 3 0,255,0,255,0,32767,0,32767,0,32767 NULL 32 0 0 	# i [69 ]a
r 3 0,255,0,255,0,32767,0,32767,0,32767 NULL 33 0 0 	# r [72 ]a
o 3 0,255,0,255,0,32767,0,32767,0,32767 NULL 13 0 0 	# o [6f ]a
p 3 0,255,0,255,0,32767,0,32767,0,32767 NULL 31 0 0 	# p [70 ]a
- 10 0,255,0,255,0,32767,0,32767,0,32767 NULL 7 0 0 	# - [2d ]p
d 3 0,255,0,255,0,32767,0,32767,0,32767 NULL 44 0 0 	# d [64 ]a
e 3 0,255,0,255,0,32767,0,32767,0,32767 NULL 29 0 0 	# e [65 ]a
C 5 0,255,0,255,0,32767,0,32767,0,32767 NULL 18 0 0 	# C [43 ]A
t 3 0,255,0,255,0,32767,0,32767,0,32767 NULL 23 0 0 	# t [74 ]a
n 3 0,255,0,255,0,32767,0,32767,0,32767 NULL 27 0 0 	# n [6e ]a
O 5 0,255,0,255,0,32767,0,32767,0,32767 NULL 5 0 0 	# O [4f ]A
a 3 0,255,0,255,0,32767,0,32767,0,32767 NULL 25 0 0 	# a [61 ]a
g 3 0,255,0,255,0,32767,0,32767,0,32767 NULL 41 0 0 	# g [67 ]a
J 5 0,255,0,255,0,32767,0,32767,0,32767 NULL 46 0 0 	# J [4a ]A
u 3 0,255,0,255,0,32767,0,32767,0,32767 NULL 52 0 0 	# u [75 ]a
c 3 0,255,0,255,0,32767,0,32767,0,32767 NULL 10 0 0 	# c [63 ]a
. 10 0,255,0,255,0,32767,0,32767,0,32767 NULL 19 0 0 	# . [2e ]p
½ 0 0,255,0,255,0,32767,0,32767,0,32767 NULL 20 0 0 	# ½ [bd ]
K 5 0,255,0,255,0,32767,0,32767,0,32767 NULL 39 0 0 	# K [4b ]A
l 3 0,255,0,255,0,32767,0,32767,0,32767 NULL 24 0 0 	# l [6c ]a
T 5 0,255,0,255,0,32767,0,32767,0,32767 NULL 11 0 0 	# T [54 ]A
L 5 0,255,0,255,0,32767,0,32767,0,32767 NULL 22 0 0 	# L [4c ]A
A 5 0,255,0,255,0,32767,0,32767,0,32767 NULL 14 0 0 	# A [41 ]A
Y 5 0,255,0,255,0,32767,0,32767,0,32767 NULL 48 0 0 	# Y [59 ]A
N 5 0,255,0,255,0,32767,0,32767,0,32767 NULL 12 0 0 	# N [4e ]A
’ 10 0,255,0,255,0,32767,0,32767,0,32767 NULL 28 0 0 	# ’ [2019 ]p
E 5 0,255,0,255,0,32767,0,32767,0,32767 NULL 9 0 0 	# E [45 ]A
M 5 0,255,0,255,0,32767,0,32767,0,32767 NULL -1 0 0 	# M [4d ]A
P 5 0,255,0,255,0,32767,0,32767,0,32767 NULL 6 0 0 	# P [50 ]A
I 5 0,255,0,255,0,32767,0,32767,0,32767 NULL 3 0 0 	# I [49 ]A
R 5 0,255,0,255,0,32767,0,32767,0,32767 NULL 4 0 0 	# R [52 ]A
¾ 0 0,255,0,255,0,32767,0,32767,0,32767 NULL 34 0 0 	# ¾ [be ]
h 3 0,255,0,255,0,32767,0,32767,0,32767 NULL 49 0 0 	# h [68 ]a
w 3 0,255,0,255,0,32767,0,32767,0,32767 NULL 58 0 0 	# w [77 ]a
s 3 0,255,0,255,0,32767,0,32767,0,32767 NULL 2 0 0 	# s [73 ]a
v 3 0,255,0,255,0,32767,0,32767,0,32767 NULL -1 0 0 	# v [76 ]a
k 3 0,255,0,255,0,32767,0,32767,0,32767 NULL 21 0 0 	# k [6b ]a
⅛ 0 0,255,0,255,0,32767,0,32767,0,32767 NULL 40 0 0 	# ⅛ [215b ]
G 5 0,255,0,255,0,32767,0,32767,0,32767 NULL 15 0 0 	# G [47 ]A
f 3 0,255,0,255,0,32767,0,32767,0,32767 NULL 54 0 0 	# f [66 ]a
1 8 0,255,0,255,0,32767,0,32767,0,32767 NULL 43 0 0 	# 1 [31 ]0
D 5 0,255,0,255,0,32767,0,32767,0,32767 NULL 8 0 0 	# D [44 ]A
b 3 0,255,0,255,0,32767,0,32767,0,32767 NULL 47 0 0 	# b [62 ]a
j 3 0,255,0,255,0,32767,0,32767,0,32767 NULL 16 0 0 	# j [6a ]a
B 5 0,255,0,255,0,32767,0,32767,0,32767 NULL 45 0 0 	# B [42 ]A
y 3 0,255,0,255,0,32767,0,32767,0,32767 NULL 26 0 0 	# y [79 ]a
H 5 0,255,0,255,0,32767,0,32767,0,32767 NULL 35 0 0 	# H [48 ]A
! 10 0,255,0,255,0,32767,0,32767,0,32767 NULL 50 0 0 	# ! [21 ]p
( 10 0,255,0,255,0,32767,0,32767,0,32767 NULL 51 0 0 	# ( [28 ]p
U 5 0,255,0,255,0,32767,0,32767,0,32767 NULL 17 0 0 	# U [55 ]A
) 10 0,255,0,255,0,32767,0,32767,0,32767 NULL 53 0 0 	# ) [29 ]p
F 5 0,255,0,255,0,32767,0,32767,0,32767 NULL 42 0 0 	# F [46 ]A
m 3 0,255,0,255,0,32767,0,32767,0,32767 NULL 30 0 0 	# m [6d ]a
, 10 0,255,0,255,0,32767,0,32767,0,32767 NULL 56 0 0 	# , [2c ]p
Z 5 0,255,0,255,0,32767,0,32767,0,32767 NULL -1 0 0 	# Z [5a ]A
W 5 0,255,0,255,0,32767,0,32767,0,32767 NULL 36 0 0 	# W [57 ]A
q 3 0,255,0,255,0,32767,0,32767,0,32767 NULL -1 0 0 	# q [71 ]a
z 3 0,255,0,255,0,32767,0,32767,0,32767 NULL 57 0 0 	# z [7a ]a
⅓ 0 0,255,0,255,0,32767,0,32767,0,32767 NULL 61 0 0 	# ⅓ [2153 ]
V 5 0,255,0,255,0,32767,0,32767,0,32767 NULL 38 0 0 	# V [56 ]A
⅙ 0 0,255,0,255,0,32767,0,32767,0,32767 NULL 63 0 0 	# ⅙ [2159 ]
